100 150 99 150
99 150 90 150
90 150 83 144
83 144 74 140
74 140 67 140
67 140 60 141
60 141 53 145
53 145 48 151
48 151 39 152
39 152 32 148
32 148 25 146
25 146 20 142
20 142 21 138
21 138 21 135
21 135 28 130
28 130 33 123
33 123 33 121
33 121 33 119
33 119 32 117
32 117 37 119
37 119 42 117
42 117 47 120
47 120 54 118
54 118 61 117
61 117 66 120
66 120 73 122
73 122 73 117
73 117 69 111
69 111 67 104
67 104 64 99
64 99 58 101
58 101 60 95
60 95 58 90
58 90 52 87
52 87 53 83
53 83 58 82
58 82 62 82
62 82 66 81
66 81 69 78
69 78 72 74
72 74 74 69
74 69 82 62
82 62 91 54
91 54 97 42
97 42 102 47
102 47 109 44
109 44 117 50
117 50 118 56
118 56 117 63
117 63 115 69
115 69 120 76
120 76 128 80
128 80 138 80
138 80 145 80
145 80 152 87
152 87 161 88
161 88 166 92
166 92 174 95
174 95 175 107
175 107 166 124
166 124 141 133
141 133 117 126
117 126 114 132
114 132 106 146
106 146 104 148
104 148 97 146
97 146 94 145