100 20 103 22
103 22 106 24
106 24 106 29
106 29 122 52
122 52 109 94
109 94 119 100
119 100 98 121
98 121 99 128
99 128 112 138
112 138 105 150
105 150 105 158
105 158 83 159
83 159 75 154
75 154 79 124
79 124 82 105
82 105 83 102
83 102 82 100
82 100 79 99
79 99 74 98
74 98 69 97
69 97 64 95
64 95 61 92
61 92 65 90
65 90 67 81
67 81 75 77
75 77 85 74
85 74 92 69
92 69 88 63
88 63 85 53
85 53 83 43
83 43 87 42
87 42 95 41
95 41 101 41
101 41 94 28
94 28 92 19
92 19 85 12
85 12 84 11
84 11 86 11
86 11 93 13